hist_lwr_max
===========================

sum	650
mean	0.635692
stddev	0.326763
Bin	Range	Range Start	Range End	Bin Name	Value	Percentage	Acc Val	Acc Perc
0	"[0, 0.05)"	0	0.05	>= 0	9	0.0138462	9	0.0138462
1	"[0.05, 0.1)"	0.05	0.1	>= 0.05	17	0.0261538	26	0.04
2	"[0.1, 0.15)"	0.1	0.15	>= 0.1	39	0.06	65	0.1
3	"[0.15, 0.2)"	0.15	0.2	>= 0.15	22	0.0338462	87	0.133846
4	"[0.2, 0.25)"	0.2	0.25	>= 0.2	25	0.0384615	112	0.172308
5	"[0.25, 0.3)"	0.25	0.3	>= 0.25	11	0.0169231	123	0.189231
6	"[0.3, 0.35)"	0.3	0.35	>= 0.3	76	0.116923	199	0.306154
7	"[0.35, 0.4)"	0.35	0.4	>= 0.35	13	0.02	212	0.326154
8	"[0.4, 0.45)"	0.4	0.45	>= 0.4	16	0.0246154	228	0.350769
9	"[0.45, 0.5)"	0.45	0.5	>= 0.45	26	0.04	254	0.390769
10	"[0.5, 0.55)"	0.5	0.55	>= 0.5	16	0.0246154	270	0.415385
11	"[0.55, 0.6)"	0.55	0.6	>= 0.55	14	0.0215385	284	0.436923
12	"[0.6, 0.65)"	0.6	0.65	>= 0.6	19	0.0292308	303	0.466154
13	"[0.65, 0.7)"	0.65	0.7	>= 0.65	25	0.0384615	328	0.504615
14	"[0.7, 0.75)"	0.7	0.75	>= 0.7	16	0.0246154	344	0.529231
15	"[0.75, 0.8)"	0.75	0.8	>= 0.75	21	0.0323077	365	0.561538
16	"[0.8, 0.85)"	0.8	0.85	>= 0.8	18	0.0276923	383	0.589231
17	"[0.85, 0.9)"	0.85	0.9	>= 0.85	14	0.0215385	397	0.610769
18	"[0.9, 0.95)"	0.9	0.95	>= 0.9	25	0.0384615	422	0.649231
19	"[0.95, 1)"	0.95	1	>= 0.95	228	0.350769	650	1


hist_lwr_placed
===========================

sum	650
mean	0.635231
stddev	0.327378
Bin	Range	Range Start	Range End	Bin Name	Value	Percentage	Acc Val	Acc Perc
0	"[0, 0.05)"	0	0.05	>= 0	9	0.0138462	9	0.0138462
1	"[0.05, 0.1)"	0.05	0.1	>= 0.05	17	0.0261538	26	0.04
2	"[0.1, 0.15)"	0.1	0.15	>= 0.1	39	0.06	65	0.1
3	"[0.15, 0.2)"	0.15	0.2	>= 0.15	28	0.0430769	93	0.143077
4	"[0.2, 0.25)"	0.2	0.25	>= 0.2	19	0.0292308	112	0.172308
5	"[0.25, 0.3)"	0.25	0.3	>= 0.25	11	0.0169231	123	0.189231
6	"[0.3, 0.35)"	0.3	0.35	>= 0.3	76	0.116923	199	0.306154
7	"[0.35, 0.4)"	0.35	0.4	>= 0.35	13	0.02	212	0.326154
8	"[0.4, 0.45)"	0.4	0.45	>= 0.4	16	0.0246154	228	0.350769
9	"[0.45, 0.5)"	0.45	0.5	>= 0.45	26	0.04	254	0.390769
10	"[0.5, 0.55)"	0.5	0.55	>= 0.5	16	0.0246154	270	0.415385
11	"[0.55, 0.6)"	0.55	0.6	>= 0.55	14	0.0215385	284	0.436923
12	"[0.6, 0.65)"	0.6	0.65	>= 0.6	19	0.0292308	303	0.466154
13	"[0.65, 0.7)"	0.65	0.7	>= 0.65	25	0.0384615	328	0.504615
14	"[0.7, 0.75)"	0.7	0.75	>= 0.7	16	0.0246154	344	0.529231
15	"[0.75, 0.8)"	0.75	0.8	>= 0.75	21	0.0323077	365	0.561538
16	"[0.8, 0.85)"	0.8	0.85	>= 0.8	18	0.0276923	383	0.589231
17	"[0.85, 0.9)"	0.85	0.9	>= 0.85	14	0.0215385	397	0.610769
18	"[0.9, 0.95)"	0.9	0.95	>= 0.9	25	0.0384615	422	0.649231
19	"[0.95, 1)"	0.95	1	>= 0.95	228	0.350769	650	1


hist_edpl
===========================

sum	650
mean	0.0124892
stddev	0.016609
Bin	Range	Range Start	Range End	Bin Name	Value	Percentage	Acc Val	Acc Perc
0	"[0, 0.003)"	0	0.003	>= 0	290	0.446154	290	0.446154
1	"[0.003, 0.006)"	0.003	0.006	>= 0.003	69	0.106154	359	0.552308
2	"[0.006, 0.009)"	0.006	0.009	>= 0.006	55	0.0846154	414	0.636923
3	"[0.009, 0.012)"	0.009	0.012	>= 0.009	31	0.0476923	445	0.684615
4	"[0.012, 0.015)"	0.012	0.015	>= 0.012	38	0.0584615	483	0.743077
5	"[0.015, 0.018)"	0.015	0.018	>= 0.015	14	0.0215385	497	0.764615
6	"[0.018, 0.021)"	0.018	0.021	>= 0.018	23	0.0353846	520	0.8
7	"[0.021, 0.024)"	0.021	0.024	>= 0.021	14	0.0215385	534	0.821538
8	"[0.024, 0.027)"	0.024	0.027	>= 0.024	13	0.02	547	0.841538
9	"[0.027, 0.03)"	0.027	0.03	>= 0.027	12	0.0184615	559	0.86
10	"[0.03, 0.033)"	0.03	0.033	>= 0.03	8	0.0123077	567	0.872308
11	"[0.033, 0.036)"	0.033	0.036	>= 0.033	8	0.0123077	575	0.884615
12	"[0.036, 0.039)"	0.036	0.039	>= 0.036	4	0.00615385	579	0.890769
13	"[0.039, 0.042)"	0.039	0.042	>= 0.039	10	0.0153846	589	0.906154
14	"[0.042, 0.045)"	0.042	0.045	>= 0.042	4	0.00615385	593	0.912308
15	"[0.045, 0.048)"	0.045	0.048	>= 0.045	7	0.0107692	600	0.923077
16	"[0.048, 0.051)"	0.048	0.051	>= 0.048	3	0.00461538	603	0.927692
17	"[0.051, 0.054)"	0.051	0.054	>= 0.051	3	0.00461538	606	0.932308
18	"[0.054, 0.057)"	0.054	0.057	>= 0.054	3	0.00461538	609	0.936923
19	"[0.057, 0.06)"	0.057	0.06	>= 0.057	41	0.0630769	650	1


hist_wd_bu
===========================

sum	650
mean	0.000396769
stddev	0.000663833
Bin	Range	Range Start	Range End	Bin Name	Value	Percentage	Acc Val	Acc Perc
0	"[0, 0.0001)"	0	0.0001	>= 0	449	0.690769	449	0.690769
1	"[0.0001, 0.0002)"	0.0001	0.0002	>= 0.0001	23	0.0353846	472	0.726154
2	"[0.0002, 0.0003)"	0.0002	0.0003	>= 0.0002	15	0.0230769	487	0.749231
3	"[0.0003, 0.0004)"	0.0003	0.0004	>= 0.0003	9	0.0138462	496	0.763077
4	"[0.0004, 0.0005)"	0.0004	0.0005	>= 0.0004	13	0.02	509	0.783077
5	"[0.0005, 0.0006)"	0.0005	0.0006	>= 0.0005	11	0.0169231	520	0.8
6	"[0.0006, 0.0007)"	0.0006	0.0007	>= 0.0006	7	0.0107692	527	0.810769
7	"[0.0007, 0.0008)"	0.0007	0.0008	>= 0.0007	7	0.0107692	534	0.821538
8	"[0.0008, 0.0009)"	0.0008	0.0009	>= 0.0008	7	0.0107692	541	0.832308
9	"[0.0009, 0.001)"	0.0009	0.001	>= 0.0009	4	0.00615385	545	0.838462
10	"[0.001, 0.0011)"	0.001	0.0011	>= 0.001	3	0.00461538	548	0.843077
11	"[0.0011, 0.0012)"	0.0011	0.0012	>= 0.0011	3	0.00461538	551	0.847692
12	"[0.0012, 0.0013)"	0.0012	0.0013	>= 0.0012	3	0.00461538	554	0.852308
13	"[0.0013, 0.0014)"	0.0013	0.0014	>= 0.0013	2	0.00307692	556	0.855385
14	"[0.0014, 0.0015)"	0.0014	0.0015	>= 0.0014	3	0.00461538	559	0.86
15	"[0.0015, 0.0016)"	0.0015	0.0016	>= 0.0015	1	0.00153846	560	0.861538
16	"[0.0016, 0.0017)"	0.0016	0.0017	>= 0.0016	0	0	560	0.861538
17	"[0.0017, 0.0018)"	0.0017	0.0018	>= 0.0017	3	0.00461538	563	0.866154
18	"[0.0018, 0.0019)"	0.0018	0.0019	>= 0.0018	2	0.00307692	565	0.869231
19	"[0.0019, 0.002)"	0.0019	0.002	>= 0.0019	85	0.130769	650	1


hist_wd_pl
===========================

sum	650
mean	0.468092
stddev	0.439101
Bin	Range	Range Start	Range End	Bin Name	Value	Percentage	Acc Val	Acc Perc
0	"[0, 0.06)"	0	0.06	>= 0	231	0.355385	231	0.355385
1	"[0.06, 0.12)"	0.06	0.12	>= 0.06	24	0.0369231	255	0.392308
2	"[0.12, 0.18)"	0.12	0.18	>= 0.12	16	0.0246154	271	0.416923
3	"[0.18, 0.24)"	0.18	0.24	>= 0.18	19	0.0292308	290	0.446154
4	"[0.24, 0.3)"	0.24	0.3	>= 0.24	13	0.02	303	0.466154
5	"[0.3, 0.36)"	0.3	0.36	>= 0.3	21	0.0323077	324	0.498462
6	"[0.36, 0.42)"	0.36	0.42	>= 0.36	19	0.0292308	343	0.527692
7	"[0.42, 0.48)"	0.42	0.48	>= 0.42	13	0.02	356	0.547692
8	"[0.48, 0.54)"	0.48	0.54	>= 0.48	15	0.0230769	371	0.570769
9	"[0.54, 0.6)"	0.54	0.6	>= 0.54	23	0.0353846	394	0.606154
10	"[0.6, 0.66)"	0.6	0.66	>= 0.6	20	0.0307692	414	0.636923
11	"[0.66, 0.72)"	0.66	0.72	>= 0.66	58	0.0892308	472	0.726154
12	"[0.72, 0.78)"	0.72	0.78	>= 0.72	9	0.0138462	481	0.74
13	"[0.78, 0.84)"	0.78	0.84	>= 0.78	21	0.0323077	502	0.772308
14	"[0.84, 0.9)"	0.84	0.9	>= 0.84	8	0.0123077	510	0.784615
15	"[0.9, 0.96)"	0.9	0.96	>= 0.9	5	0.00769231	515	0.792308
16	"[0.96, 1.02)"	0.96	1.02	>= 0.96	5	0.00769231	520	0.8
17	"[1.02, 1.08)"	1.02	1.08	>= 1.02	4	0.00615385	524	0.806154
18	"[1.08, 1.14)"	1.08	1.14	>= 1.08	4	0.00615385	528	0.812308
19	"[1.14, 1.2)"	1.14	1.2	>= 1.14	122	0.187692	650	1


