0.000217
0.000217
0.000281
0.012663
0.013085
0.029999
0.029999
0.036119
0.0447
0.050378
0.052717
0.055753
0.058855
0.061249
0.065913
0.072457
0.076041
0.076043
0.087588
0.088047
0.090904
0.090961
0.090979
0.091011
0.099389
0.0997
0.101792
0.10731
0.108809
0.110887
0.111044
0.111058
0.111152
0.111167
0.111168
0.11118
0.111396
0.112094
0.116635
0.117027
0.117252
0.117813
0.117979
0.121826
0.127923
0.139134
0.140424
0.140693
0.142047
0.14237
0.142684
0.142839
0.142862
0.142899
0.142938
0.142951
0.143009
0.143355
0.143956
0.145169
0.145189
0.14534
0.145677
0.147299
0.148095
0.151837
0.154448
0.155877
0.161178
0.166373
0.181874
0.18421
0.186456
0.191263
0.191877
0.1932
0.19462
0.194958
0.196715
0.19793
0.198502
0.198997
0.199456
0.199514
0.199585
0.199792
0.19994
0.20001
0.200021
0.200077
0.200084
0.200089
0.200116
0.200117
0.20013
0.200137
0.20014
0.200144
0.200297
0.200308
0.200361
0.200378
0.20094
0.201105
0.201229
0.202534
0.203855
0.210242
0.220318
0.238726
0.247974
0.249452
0.259387
0.260445
0.27093
0.274959
0.276517
0.276935
0.280288
0.280292
0.285133
0.2882
0.297887
0.300911
0.301465
0.303072
0.303421
0.304886
0.306465
0.308782
0.310231
0.313744
0.314721
0.31488
0.316476
0.317494
0.318394
0.319487
0.320009
0.320009
0.323756
0.324547
0.32481
0.325065
0.327575
0.328235
0.328653
0.328845
0.329387
0.329623
0.330148
0.33022
0.330228
0.33041
0.330543
0.330918
0.331235
0.332231
0.332357
0.332361
0.332584
0.332919
0.332946
0.333099
0.333184
0.333241
0.333366
0.333394
0.333396
0.333401
0.333403
0.333405
0.333415
0.333416
0.333418
0.333421
0.333438
0.33344
0.33344
0.333445
0.333449
0.333461
0.333504
0.333517
0.333698
0.333704
0.333864
0.334494
0.335383
0.335443
0.336316
0.337662
0.339181
0.34098
0.341785
0.344171
0.34492
0.349274
0.349554
0.356098
0.357303
0.35743
0.361417
0.363613
0.36673
0.377508
0.379337
0.37935
0.384068
0.385007
0.387872
0.398522
0.400509
0.401843
0.40759
0.410428
0.415727
0.419359
0.423542
0.425407
0.426302
0.432097
0.433995
0.437763
0.441904
0.445523
0.446804
0.449132
0.451413
0.451892
0.457284
0.457405
0.458528
0.459227
0.460105
0.461085
0.46475
0.465882
0.467646
0.468293
0.46898
0.470734
0.473749
0.4772
0.477435
0.478402
0.480068
0.48576
0.4891
0.490348
0.493353
0.497224
0.498749
0.49898
0.501026
0.519566
0.522836
0.522924
0.53049
0.533574
0.537001
0.537587
0.537623
0.539915
0.54163
0.543693
0.545841
0.54679
0.549096
0.549684
0.556316
0.557391
0.563775
0.57411
0.57522
0.577364
0.578495
0.584254
0.592549
0.593808
0.59792
0.598097
0.598734
0.59976
0.60116
0.606588
0.607972
0.617968
0.62017
0.620319
0.62034
0.624868
0.625526
0.626562
0.627003
0.628571
0.628717
0.632831
0.640328
0.641184
0.643726
0.645679
0.648462
0.653579
0.656442
0.659578
0.660551
0.661665
0.662987
0.664408
0.66471
0.6652
0.666696
0.667852
0.669202
0.674707
0.675727
0.678884
0.679576
0.6811
0.685414
0.687413
0.687612
0.687645
0.69118
0.691935
0.695597
0.696931
0.70541
0.709546
0.713294
0.714539
0.717191
0.719007
0.725302
0.731087
0.733491
0.740139
0.741202
0.743405
0.746763
0.746913
0.749561
0.74986
0.753141
0.755583
0.760414
0.762381
0.762786
0.763172
0.76503
0.766324
0.772237
0.773245
0.775177
0.776103
0.776147
0.776798
0.777667
0.785991
0.786046
0.787054
0.788764
0.792261
0.799982
0.808167
0.812823
0.814532
0.818881
0.819268
0.821539
0.824196
0.825995
0.826451
0.829649
0.829796
0.829953
0.83004
0.835392
0.835587
0.842876
0.844558
0.848556
0.855947
0.858602
0.862251
0.870658
0.870946
0.871762
0.873318
0.880007
0.883474
0.891755
0.89435
0.896287
0.896501
0.898897
0.901099
0.901376
0.902894
0.906653
0.906964
0.90893
0.909547
0.910749
0.915555
0.92614
0.926759
0.926829
0.930849
0.93119
0.931774
0.932168
0.93389
0.936087
0.938696
0.942175
0.943226
0.94525
0.945428
0.945571
0.94936
0.950645
0.950668
0.95082
0.951972
0.952382
0.952441
0.953678
0.955284
0.955421
0.959338
0.960929
0.966371
0.966886
0.967686
0.968559
0.968799
0.969264
0.970334
0.970681
0.970765
0.974508
0.97512
0.976295
0.976748
0.97854
0.979085
0.979348
0.979779
0.979883
0.980575
0.980666
0.980909
0.981729
0.982121
0.983488
0.983893
0.984684
0.985634
0.986089
0.986404
0.986442
0.986672
0.986959
0.987655
0.988615
0.988992
0.989443
0.98974
0.9901
0.9901
0.990226
0.990488
0.990814
0.991756
0.991777
0.99203
0.992398
0.99241
0.992664
0.993404
0.993543
0.994005
0.9943
0.995014
0.99515
0.995196
0.995302
0.995848
0.99586
0.99597
0.996132
0.99637
0.996565
0.996588
0.996598
0.9968
0.996969
0.997049
0.997246
0.997247
0.997286
0.997442
0.997478
0.997543
0.997545
0.997819
0.997913
0.997956
0.99796
0.998137
0.998177
0.998288
0.998756
0.998772
0.998789
0.99883
0.998856
0.99887
0.99903
0.999106
0.999148
0.999302
0.999366
0.999368
0.999441
0.999555
0.99959
0.999605
0.999612
0.999619
0.999659
0.999709
0.999751
0.99976
0.999776
0.999782
0.999792
0.999824
0.999839
0.999846
0.999847
0.999857
0.999886
0.999902
0.999913
0.999918
0.999921
0.999926
0.999927
0.999929
0.999934
0.999953
0.999966
0.999968
0.999969
0.99997
0.999975
0.999979
0.999986
0.999987
0.999988
0.999989
0.999989
0.999989
0.99999
0.999992
0.999992
0.999994
0.999994
0.999996
0.999997
0.999998
0.999998
0.999999
0.999999
0.999999
0.999999
0.999999
0.999999
0.999999
0.999999
1
1
1
1
1
1
1
1
1
1
1
1
1
1
1
1
1
1
1
1
1
1
1
1
1
1
1
1
1
1
1
1
1
1
1
1
1
1
1
1
1
1
1
1
1
1
1
1
1
1
1
1
1
1
1
1
1
1
1
1
1
1
1
1
1
1
1
