0
0
0
0
0
0
0
0
0
0
0
0
0
0
0
0
0
0
0
0
0
0
0
0
0
0
0
0
0
0
0
0
0
0
0
0
0
0
0
0
0
0
0
0
0
0
0
0
0
0
0
0
0
0
0
0
0
0
0
0
0
0
0
0
0
0
0
0
0
0
0
0
0
0
0
0
0
0
0
0
0
0
0
0
0
0
0
0
0
0
0
0
0
0
0
0
0
0
0
0
0
0
0
0
0
0
0
0
0
0
0
0
0
0
0
0
0
0
0
0
0
0
0
0
0
0
0
0
0
0
0
0
0
0
0
0
0
0
0
0
0
0
0
0
0
0
0
0
0
0
0
0
0
0
0
0
0
0
0
0
0
0
0
0
0
0
0
0
0
0
0
0
0
0
0
0
0
0
0
0
0.005504
0.005942
0.006235
0.006838
0.00709
0.007144
0.007212
0.0073
0.009185
0.00951
0.00999
0.010315
0.010728
0.01109
0.011516
0.012595
0.012956
0.013214
0.013521
0.014672
0.015566
0.015978
0.018606
0.022924
0.023032
0.023176
0.02464
0.025492
0.027407
0.029234
0.032314
0.033114
0.033629
0.037563
0.039943
0.04225
0.042475
0.043005
0.043111
0.044578
0.044716
0.046318
0.048028
0.049332
0.05064
0.051148
0.053232
0.053657
0.056404
0.057899
0.059121
0.060154
0.061304
0.061728
0.066109
0.06764
0.067827
0.069142
0.07386
0.080392
0.084548
0.088978
0.092503
0.097106
0.09861
0.099778
0.100326
0.102948
0.103713
0.1038
0.112196
0.112668
0.116625
0.118362
0.11991
0.126681
0.129011
0.129025
0.142642
0.142903
0.143985
0.151317
0.157124
0.159383
0.164608
0.168905
0.170058
0.170317
0.172116
0.176328
0.178221
0.180569
0.18112
0.191833
0.198721
0.199898
0.201809
0.209706
0.212315
0.214005
0.214646
0.223921
0.225742
0.22673
0.230142
0.23264
0.232904
0.234492
0.237617
0.238182
0.24426
0.250181
0.253087
0.253237
0.253297
0.265613
0.27537
0.278805
0.280964
0.2823
0.285424
0.286556
0.290145
0.300245
0.300482
0.30179
0.307088
0.307491
0.309253
0.313915
0.319709
0.320625
0.32623
0.330061
0.332218
0.332971
0.333801
0.33542
0.336984
0.339096
0.344991
0.348714
0.355953
0.359673
0.366394
0.367169
0.369506
0.370742
0.371413
0.372974
0.372998
0.37949
0.37983
0.381702
0.393189
0.393412
0.399308
0.4001
0.400481
0.400782
0.401082
0.412621
0.413328
0.420354
0.440255
0.444807
0.445953
0.456191
0.460878
0.461665
0.461927
0.463674
0.464659
0.469733
0.470075
0.475098
0.490105
0.491119
0.495858
0.502292
0.506409
0.515987
0.518419
0.521598
0.522565
0.528326
0.53102
0.531707
0.53275
0.535899
0.538915
0.540773
0.542595
0.542715
0.553195
0.556026
0.560753
0.562235
0.562328
0.564346
0.565443
0.566472
0.567504
0.570579
0.571496
0.573768
0.580642
0.586552
0.589572
0.590925
0.597712
0.598157
0.598998
0.599176
0.607804
0.609627
0.619037
0.62065
0.62222
0.632194
0.63398
0.634733
0.637228
0.640146
0.640848
0.642313
0.648472
0.650726
0.654335
0.65508
0.656548
0.657315
0.659376
0.659699
0.660106
0.660754
0.661076
0.661921
0.663004
0.664171
0.66432
0.664428
0.664576
0.664606
0.664803
0.664927
0.665347
0.665372
0.665669
0.665831
0.665924
0.665945
0.666295
0.666436
0.666482
0.666492
0.666497
0.666554
0.666558
0.666566
0.666567
0.666574
0.666579
0.666582
0.666594
0.666604
0.666607
0.666631
0.666634
0.666648
0.666763
0.666906
0.670204
0.670517
0.671765
0.671953
0.682962
0.684352
0.687572
0.690605
0.69099
0.696368
0.700156
0.70018
0.704936
0.709067
0.7118
0.716561
0.716977
0.719246
0.719956
0.719956
0.730634
0.738399
0.746135
0.748817
0.75093
0.760471
0.763271
0.775401
0.777788
0.781694
0.78395
0.793273
0.793843
0.797358
0.797696
0.798007
0.798686
0.79938
0.79986
0.799937
0.80003
0.800039
0.800847
0.808435
0.810075
0.813208
0.813681
0.817354
0.831055
0.836333
0.848944
0.852264
0.852273
0.852537
0.859023
0.873583
0.886786
0.891146
0.904921
0.92136
0.930416
0.938407
0.9462
0.960751
0.968483
0.97386
1.01198
1.01258
1.0312
1.04416
1.07955
1.07957
1.1106
1.13289
1.13746
1.13846
1.14049
1.14678
1.15469
1.16486
1.16604
1.18054
1.19245
1.19305
1.19489
1.19663
1.19696
1.19802
1.19814
1.19878
1.19905
1.19931
1.1998
1.19987
1.1999
1.19997
1.20006
1.20008
1.20013
1.20037
1.20314
1.22074
1.23296
1.23635
1.24448
1.2752
1.3283
1.33199
1.33215
1.333
1.33318
1.33325
1.33677
1.34705
1.35403
1.41877
1.42663
1.42727
1.44973
1.5347
1.54434
1.57903
1.63363
1.63572
1.65172
1.65615
1.69622
1.6984
1.70177
1.70251
1.70371
1.70381
1.713
1.71324
1.71386
1.71412
1.71477
1.74387
1.74912
1.76419
1.77284
1.77611
1.89358
1.9768
1.97736
1.9934
1.99864
1.99997
2.00514
2.05268
2.07735
2.11214
2.21496
2.21698
2.22155
2.22175
2.2257
2.22893
2.26294
2.44373
2.44935
2.54942
2.61069
2.72648
2.79061
2.84213
2.85472
3.23392
3.25832
3.3337
3.3962
3.68324
3.71005
3.71393
3.94453
3.98982
4.02424
4.18926
4.34664
4.46084
4.49223
4.60292
4.88823
5.0888
5.09693
5.24175
5.30674
5.76676
6.13114
6.64218
7.70042
7.79053
9.97037
11.5811
21.3167
21.7474
25.082
29.3742
