0
0
0
0
0
0
0
0
0
0
0
0
0
0
0
0
0
0
0
0
0
0
0
0
0
0
0
0
0
0
0
0
0
0
0
0
0
0
0
0
0
0
0
0
0
0
0
0
0
0
0
0
0
0
0
0
0
0
0
0
0
0
0
0
0
0
0
0
0
0
0
0
0
0
0
0
0
0
0
0
0
0
0
0
0
0
0
0
0
0
0
0
0
0
0
0
0
0
0
0
0
0
0
0
0
0
0
0
0
0
0
0
0
0
0
0
0
0
0
0
0
0
0
0
0
0
0
0
0
0
0
0
0
0
0
0
0
0
0
0
0
0
0
0
0
0
0
0
0
0
0
0
0
0
0
0
0
0
0
0
0
0
0
0
0
0
0
0
0
0
0
0
0
0
0
0
0
0
0
0
0
0
0
0
0
0
0
0
0
0
0
0
0
0
0
0
0
0
0
0
0
0
0
0
0
0
0
0
0
0
0
0
0
0
0
0
0
0
0
0
0
0
0
0
0
0
0
0
0
0
0
0
0
0
0
0
0
0
0
0
0
0
0
0
0
0
0
0
0
0
0
0
0
0
0
0
0
0
0
0
0
0
0
0
0
0
0
0
0
0
0
0
0
0
0
0
0
0
0
0
0
0
0
0
0
0
0
0
0
0
0
0
0
0
0
0
0
0
0
0
0
0
0
0
0
0
0
0
0
0
0
0
0
0
0
0
0
0
0
0
0
0
0
0
0
0
0
0
0
0
0
0
0
0
0
0
0
0
0
0
0
0
0
0
0
0
0
0
0
0
0
0
0
0
0
0
0
0
0
0
0
0
0
0
0
0
0
0
0
0
0
0
0
0
0
0
0
0
0
0
0
0
0
0
0
0
1.0084e-08
2.873e-08
3.1651e-08
4.2796e-08
4.4673e-08
5.9098e-08
6.3295e-08
6.6961e-08
6.9897e-08
1.39506e-07
1.43251e-07
1.56685e-07
2.50302e-07
2.90378e-07
3.59848e-07
3.5986e-07
3.97015e-07
3.97685e-07
3.9817e-07
3.98896e-07
3.99272e-07
3.99676e-07
3.99934e-07
3.99958e-07
3.99978e-07
3.99993e-07
4.00098e-07
4.00151e-07
4.44053e-07
5.70644e-07
6.9927e-07
8.5706e-07
8.88113e-07
9.9297e-07
1.33294e-06
4.62003e-06
1.17494e-05
1.19769e-05
1.22523e-05
1.65623e-05
1.66367e-05
1.71027e-05
1.78005e-05
2.17242e-05
2.48798e-05
2.96673e-05
3.0402e-05
3.10631e-05
4.22426e-05
4.32495e-05
4.95816e-05
5.23344e-05
5.73341e-05
5.82593e-05
6.00635e-05
6.02976e-05
6.17289e-05
6.27167e-05
6.29261e-05
6.67506e-05
7.16086e-05
8.50664e-05
8.58065e-05
0.000111121
0.000112033
0.000115432
0.000119399
0.00012055
0.0001223
0.000124051
0.000127816
0.000130579
0.000130846
0.000131657
0.000133236
0.000138433
0.000150911
0.00016117
0.000164811
0.000174616
0.000176222
0.000187813
0.000188365
0.000188365
0.000190297
0.000192981
0.000203062
0.000203971
0.00020761
0.000217886
0.000221422
0.000234395
0.000236695
0.000238211
0.000243585
0.000256305
0.000257479
0.000272122
0.00028199
0.000284429
0.000295655
0.000304594
0.000309692
0.000321189
0.000321874
0.000322196
0.000324617
0.000359115
0.000367181
0.000391561
0.00042251
0.000423322
0.000431782
0.000431996
0.000432036
0.000434937
0.000448367
0.00045291
0.000458726
0.000463837
0.000471038
0.000474867
0.0004989
0.000506246
0.000525394
0.000533167
0.000542055
0.000555927
0.00055644
0.000568362
0.000568773
0.000572504
0.000594053
0.000594204
0.000626648
0.000667107
0.000667956
0.000675947
0.000693141
0.000694657
0.000696978
0.000717962
0.000720746
0.000731649
0.000745996
0.000775391
0.000777608
0.000793327
0.000801705
0.000826651
0.000842278
0.000855255
0.00086038
0.00086799
0.000873046
0.000921355
0.000937947
0.00096058
0.000998383
0.00100013
0.00103558
0.00107016
0.00112268
0.00116517
0.00119597
0.00120592
0.00129468
0.00129618
0.00135834
0.00139965
0.00141151
0.00142971
0.00148785
0.00159803
0.00171013
0.00172618
0.00178166
0.00180847
0.0018441
0.00198538
0.00206527
0.00208466
0.00216366
0.00220365
0.00223457
0.00239546
0.00246392
0.00251017
0.00255747
0.00263672
0.00266365
0.00266652
0.00269118
0.00273967
0.00276077
0.00276404
0.00277802
0.00285201
0.00289589
0.00289959
0.00296425
0.00306631
0.00331691
0.00334531
0.00346328
0.00347176
0.00358011
0.00368921
0.00393094
0.00397149
0.00402909
0.00431659
0.00433322
0.00439635
0.00442416
0.00501737
0.00503689
0.00516863
0.00520698
0.00536949
0.00537988
0.00552109
0.00587129
0.0060422
0.00724685
0.0075242
0.00796442
0.0084094
0.00892389
0.00893989
0.00929649
0.00930341
0.00976608
0.0108527
0.0110917
0.0110976
0.0112314
0.0115933
0.0116498
0.0126278
0.0137088
0.0143786
0.0145071
0.0148
0.0162119
0.0176638
0.0199977
0.0206692
0.0209708
0.0216802
0.0248557
0.026483
0.0296897
0.0306411
0.0441588
0.0532567
0.0601455
0.0667927
0.11055
0.117711
0.283091
0.318036
0.359311
0.442839
