0
0
0
0
0
0
0
0
0
0
0
0
0
0
0
0
0
0
0
0
0
0
0
0
0
0
0
0
0
0
0
0
0
0
0
0
0
0
0
0
0
0
0
0
0
0
0
0
0
0
0
0
0
0
0
0
0
0
0
0
0
0
0
0
0
0
0
0
0
0
0
0
0
0
0
0
0
0
0
0
0
0
0
0
0
0
0
0
0
0
0
0
0
0
0
0
0
0
0
0
0
0
0
0
0
0
0
0
0
0
0
0
0
0
0
0
0
0
0
0
0
0
0
0
0
0
0
0
0
0
0
0
0
0
0
0
0
0
0
0
0
0
0
0
0
0
0
0
0
0
0
0
0
0
0
0
0
0
0
0
0
0
0
0
0
0
0
0
0
0
0
0
0
0
0
0
0
0
0
0
1.08868e-08
1.40943e-08
8.83125e-07
8.8575e-07
8.87248e-07
8.87282e-07
8.88765e-07
8.88768e-07
8.88851e-07
1.42374e-06
1.43991e-06
1.43995e-06
1.87752e-06
7.67965e-05
8.87917e-05
0.000108353
0.000150161
0.00017387
0.000181123
0.000193718
0.00021368
0.000214014
0.000216336
0.000218599
0.000244184
0.000245576
0.000291065
0.000299928
0.000304448
0.000330328
0.000338856
0.000346936
0.000347588
0.000348845
0.000373923
0.000375192
0.000429813
0.000441873
0.000463277
0.000472693
0.000476851
0.000478443
0.000515163
0.000529335
0.000532043
0.000535129
0.000599423
0.000636103
0.000663622
0.000686434
0.000771437
0.000784849
0.000824808
0.000884458
0.000929187
0.000941473
0.00094764
0.00101146
0.00107918
0.0010998
0.00110882
0.00111723
0.00124521
0.0012531
0.00135975
0.00140497
0.00142601
0.00143832
0.0014462
0.00145539
0.00148749
0.00149891
0.0015524
0.00161676
0.00163686
0.00164075
0.00171922
0.00177187
0.00178702
0.00183013
0.00188551
0.00196941
0.00198187
0.00201982
0.00205995
0.00206977
0.00207996
0.00216428
0.0021779
0.00223755
0.00227623
0.00234156
0.0023425
0.00241246
0.00241698
0.00246928
0.00247459
0.00248838
0.00263344
0.00264033
0.00273701
0.00273721
0.00274327
0.00278472
0.00282036
0.00282813
0.0028696
0.00288876
0.00289097
0.0029418
0.00308187
0.00310421
0.00314293
0.00322944
0.00330033
0.00331301
0.00333414
0.00334376
0.00341444
0.00343528
0.00343699
0.0034378
0.00346098
0.00348857
0.00355134
0.00357959
0.00360597
0.00361561
0.00363053
0.00366095
0.00368922
0.00369841
0.00370253
0.0037055
0.00373608
0.00378053
0.00380178
0.00381669
0.00384736
0.00400495
0.00408778
0.00414407
0.0042243
0.004279
0.00430455
0.00439447
0.00454426
0.00456058
0.00456988
0.00457352
0.00459515
0.00459515
0.00461819
0.00466823
0.00469842
0.00481741
0.00485981
0.00507742
0.00508409
0.00518541
0.00531842
0.00538792
0.00542256
0.00542334
0.00544169
0.00550568
0.00555592
0.00561456
0.00567261
0.00568633
0.00570131
0.00571179
0.00571401
0.00573267
0.00579522
0.0058004
0.00580659
0.00584841
0.00597506
0.00603003
0.00607357
0.00610075
0.00611336
0.00616291
0.00617079
0.00619575
0.00624145
0.00627912
0.00638908
0.00639884
0.00655911
0.00669245
0.00669883
0.0067
0.00671039
0.00672782
0.00680234
0.00681147
0.00682558
0.00700071
0.00700923
0.00708053
0.00722549
0.0074145
0.00752221
0.00753226
0.00753889
0.00755668
0.00764913
0.00771459
0.0078393
0.00784508
0.00787174
0.00790851
0.00794106
0.00798341
0.00801283
0.00804698
0.00818787
0.00829549
0.00835162
0.00837496
0.00848607
0.00849126
0.00851319
0.00851953
0.00854122
0.00858529
0.00863415
0.00866213
0.00869748
0.00880091
0.00893171
0.00895641
0.0090242
0.00906516
0.00912694
0.00912944
0.00919682
0.0092502
0.00936816
0.00940149
0.00960523
0.00983985
0.00998802
0.00999324
0.010052
0.0100551
0.0102138
0.0102187
0.0102936
0.0104755
0.0106522
0.0108588
0.0110104
0.0110971
0.0112167
0.0112545
0.011257
0.0112646
0.0112693
0.0115881
0.011597
0.0117075
0.0119728
0.0121092
0.012134
0.0121811
0.0121814
0.0122714
0.0123378
0.0124195
0.0125174
0.0126022
0.01274
0.012754
0.0128096
0.0128203
0.0130896
0.0130922
0.0132541
0.0132701
0.0134519
0.0135149
0.013715
0.0137294
0.0139101
0.0139708
0.0139853
0.0140242
0.0140455
0.0140993
0.0141975
0.014277
0.0143303
0.0144906
0.0145431
0.0145574
0.0146111
0.0146214
0.0146337
0.0146609
0.0148219
0.0150013
0.0151949
0.0155741
0.0159487
0.0159857
0.0160215
0.0160467
0.0160752
0.0163461
0.0164606
0.0165878
0.0167687
0.017186
0.0173967
0.0181879
0.0186163
0.0186198
0.0187267
0.0187934
0.0188106
0.0189978
0.0190728
0.0192106
0.0192677
0.0195003
0.019669
0.0197062
0.0198458
0.0201028
0.0202554
0.0203428
0.0204133
0.0205247
0.020526
0.0208498
0.0209164
0.0209309
0.0214708
0.0217084
0.0219172
0.0221397
0.0222521
0.0225326
0.0225795
0.0232288
0.0233307
0.0233776
0.0234462
0.0235575
0.0238878
0.0238923
0.0242953
0.0243175
0.0244283
0.0244315
0.0244653
0.0248258
0.0250246
0.0251548
0.0252114
0.0263326
0.0264307
0.0264567
0.0266708
0.0272289
0.0274654
0.0278003
0.0280098
0.0287619
0.0287969
0.0288026
0.0290572
0.0292271
0.0294903
0.0295342
0.0299772
0.0303943
0.0305753
0.0306386
0.0312422
0.0317593
0.0319909
0.0326828
0.0328038
0.0332679
0.0332892
0.0333879
0.0337497
0.0337985
0.0343276
0.0351502
0.0359596
0.0361581
0.0365605
0.0368468
0.0385193
0.0392433
0.0392931
0.0394387
0.0396157
0.0396237
0.0400582
0.0401231
0.0415736
0.0416536
0.0417111
0.0422268
0.0434118
0.0441717
0.044808
0.045611
0.0465085
0.0465696
0.0467447
0.046791
0.0473043
0.0474055
0.0491122
0.0497786
0.0506556
0.0529125
0.0532144
0.0532891
0.0549563
0.0566655
0.0567495
0.058529
0.059306
0.0594956
0.0597991
0.06069
0.0623612
0.0628978
0.0640315
0.0648568
0.0650539
0.06561
0.0657098
0.0660489
0.0676835
0.0691509
0.0700324
0.0701473
0.0741643
0.0761574
0.0832845
0.0851452
0.0853728
0.0899522
0.0927285
0.097164
0.114843
0.121646
0.1356
0.13652
0.156582
0.175299
0.202296
0.226692
0.238201
0.241394
0.256193
0.260793
0.344524
0.449038
0.449101
0.46074
