0
0
0
0
0
0
0
0
0
0
0
0
0
0
0
0
0
0
0
0
0
0
0
0
0
0
0
0
0
0
0
0
0
0
0
0
0
0
0
0
0
0
0
0
0
0
0
0
0
0
0
0
0
0
0
0
0
0
0
0
0
0
0
0
0
0
0
0
0
0
0
0
0
0
0
0
0
0
0
0
0
0
0
0
0
0
0
0
0
0
0
0
0
0
0
0
0
0
0
0
0
0
0
0
0
0
0
0
0
0
0
0
0
0
0
0
0
0
0
0
0
0
0
0
0
0
0
0
0
0
0
0
0
0
0
0
0
0
0
0
0
0
0
0
0
0
0
0
0
0
0
0
0
0
0
0
0
0
0
0
0
0
0
0
0
0
0
0
0
0
0
0
0
0
0
0
0
0
0
0
0
0
0
0
0
0
0
0
0
0
0
0
0
0
0
0
0
0
0
0
0
0
0
0
0
0
0
0
0
0
0
0
0
0
0
0
0
0
0
0
0
0
0
0
0
0
0
0
0
0
0
0
0
0
0
0
0
0
0
0
0
0
0
0
0
0
0
0
0
0
0
0
0
0
0
0
0
0
0
0
0
0
0
0
0
0
0
0
0
0
0
0
0
0
0
0
0
0
0
0
0
0
0
0
0
0
0
0
0
0
0
0
0
0
0.003908
0.004036
0.004125
0.00547
0.005607
0.006331
0.006951
0.006977
0.007197
0.007383
0.007555
0.007626
0.008038
0.008049
0.008369
0.008823
0.008937
0.008951
0.008983
0.010121
0.010288
0.010476
0.015084
0.015235
0.015835
0.016894
0.016992
0.018212
0.022797
0.024966
0.025098
0.026821
0.027002
0.029381
0.030792
0.032234
0.03678
0.038211
0.039137
0.039712
0.039748
0.042353
0.042484
0.042516
0.043522
0.043937
0.044
0.046891
0.049104
0.049547
0.049826
0.056151
0.057569
0.059211
0.060264
0.060512
0.060686
0.060964
0.061706
0.063408
0.064929
0.065523
0.067195
0.067638
0.071381
0.071538
0.072644
0.072878
0.073081
0.07334
0.073378
0.074928
0.076024
0.076861
0.078304
0.07874
0.079081
0.080417
0.080556
0.081023
0.082166
0.084038
0.084197
0.084606
0.085303
0.085923
0.087461
0.090747
0.091978
0.093132
0.094005
0.095773
0.097441
0.098337
0.099479
0.102854
0.104429
0.105305
0.1061
0.106262
0.110458
0.1119
0.113204
0.117381
0.120914
0.123077
0.123428
0.126046
0.127466
0.131694
0.134558
0.138452
0.138518
0.139129
0.140077
0.14124
0.141479
0.145335
0.145494
0.145989
0.15038
0.154306
0.158163
0.159424
0.163526
0.164735
0.165088
0.16599
0.168084
0.169106
0.170321
0.176278
0.184237
0.185272
0.186377
0.189874
0.190868
0.195102
0.196388
0.197147
0.199375
0.20026
0.204957
0.20583
0.208636
0.211022
0.219017
0.22223
0.223365
0.228335
0.234518
0.235307
0.236198
0.238113
0.239245
0.240781
0.242599
0.245565
0.245807
0.252247
0.254667
0.258166
0.259607
0.270286
0.271311
0.273246
0.274348
0.27781
0.278958
0.282272
0.283478
0.285101
0.294088
0.295572
0.295912
0.305716
0.315492
0.318548
0.322154
0.32258
0.339531
0.341321
0.346776
0.347718
0.348333
0.349818
0.355146
0.373561
0.37469
0.380474
0.386809
0.387887
0.390348
0.407577
0.411357
0.420859
0.425924
0.433133
0.436117
0.444764
0.445767
0.44634
0.448949
0.451266
0.451528
0.453186
0.453506
0.455799
0.463287
0.463375
0.466507
0.467623
0.468645
0.502778
0.515345
0.518309
0.526838
0.529212
0.533211
0.537203
0.542592
0.544712
0.546142
0.547852
0.560933
0.576214
0.577527
0.579792
0.580467
0.58081
0.583168
0.584321
0.58824
0.594167
0.59513
0.595628
0.60612
0.619904
0.628161
0.629221
0.631083
0.644395
0.653998
0.654259
0.656741
0.659644
0.660692
0.661105
0.661181
0.662548
0.662626
0.663089
0.663305
0.663471
0.663732
0.663747
0.663899
0.664925
0.666064
0.666129
0.666268
0.666291
0.66631
0.66636
0.666505
0.666507
0.666542
0.666544
0.666557
0.66656
0.666562
0.666592
0.6666
0.666611
0.666615
0.666666
0.667214
0.667261
0.667336
0.667826
0.670919
0.675563
0.680521
0.681137
0.696685
0.700633
0.701954
0.7079
0.710581
0.715099
0.727948
0.737697
0.749356
0.769183
0.789288
0.797098
0.797723
0.799232
0.799393
0.799528
0.799876
0.799997
0.800938
0.818457
0.827156
0.856362
0.859155
0.860084
0.95111
0.966571
1.00663
1.04539
1.07752
1.08484
1.08645
1.10457
1.13757
1.13959
1.14114
1.14254
1.14312
1.14528
1.15624
1.15971
1.19068
1.19458
1.19622
1.19952
1.19975
1.19979
1.19982
1.19986
1.19986
1.19988
1.19994
1.19997
1.21427
1.23406
1.24194
1.33277
1.375
1.46374
1.48582
1.57715
1.68233
1.71409
1.71426
1.77118
1.82465
2.15139
2.1881
2.21808
2.2223
2.22274
2.60955
7.7874
