0
0
0
0
0
0
0
0
0
0
0
0
0
0
0
0
0
0
0
0
0
0
0
0
0
0
0
0
0
0
0
0
0
0
0
0
0
0
0
0
0
0
0
0
0
0
0
0
0
0
0
0
0
0
0
0
0
0
0
0
0
0
0
0
0
0
0
0
0
0
0
0
0
0
0
0
0
0
0
0
0
0
0
0
0
0
0
0
0
0
0
0
0
0
0
0
0
0
0
0
0
0
0
0
0
0
0
0
0
0
0
0
0
0
0
0
0
0
0
0
0
0
0
0
0
0
0
0
0
0
0
0
0
0
0
0
0
0
0
0
0
0
0
0
0
0
0
0
0
0
0
0
0
0
0
0
0
0
0
0
0
0
0
0
0
0
0
0
0
0
0
0
0
0
0
0
0
0
0
0
0
0
0
0
0
0
0
0
0
0
0
0
0
0
0
0
0
0
0
0
0
0
0
0
0
0
0
0
0
0
0
0
0
0
0
0
0
0
0
0
0
0
0
0
0
0
0
0
0
0
0
0
0
0
0
0
0
0
0
0
0
0
0
0
0
0
0
0
0
0
0
0
0
0
0
0
0
0
0
0
0
0
0
0
0
0
0
0
0
0
0
0
0
0
0
0
0
0
0
0
0
0
0
0
0
0
0
0
0
0
0
0
0
0
0
0
0
0
0
0
0
0
0
0
0
0
0
0
0
0
0
0
0
0
0
0
0
0
0
0
0
0
0
0
0
0
0
0
0
0
0
0
0
0
0
0
0
0
0
0
0
0
0
0
0
0
0
0
0
0
0
0
0
0
0
0
0
0
0
0
0
0
0
0
0
0
0
0
0
0
0
0
0
0
0
0
0
0
0
0
0
0
0
0
0
0
0
0
0
0
0
0
0
0
0
0
0
0
0
0
0
0
0
0
0
0
0
0
0
0
0
0
0
0
0
0
0
0
0
0
0
0
0
0
0
0
0
0
0
0
0
0
0
0
0
0
0
0
0
0
0
0
0
0
0
0
0
0
0
0
0
0
0
0
0
0
0
0
0
0
0
0
0
0
0
0
0
0
0
0
0
0
0
0
0
0
0
0
0
0
0
0
0
0
0
0
0
0
0
0
0
0
0
0
0
0
0
0
0
0
0
0
0
0
0
0
0
0
0
0
0
0
0
0
0
0
0
0
8.496e-09
8.53e-09
2.5806e-08
2.59e-08
2.6556e-08
5.2016e-08
6.6581e-08
8.5468e-08
9.9199e-08
1.67955e-07
1.76404e-07
2.01093e-07
2.85274e-07
2.85548e-07
2.86044e-07
3.16604e-07
3.96883e-07
3.98741e-07
3.99801e-07
3.99866e-07
3.99904e-07
3.9994e-07
3.99953e-07
3.99954e-07
3.99958e-07
3.9996e-07
3.9999e-07
8.57044e-07
8.57127e-07
9.12319e-07
1.33073e-06
1.3334e-06
4.22852e-06
6.71232e-06
6.97787e-06
7.49446e-06
9.79636e-06
1.36897e-05
1.44892e-05
2.35731e-05
2.55914e-05
2.73753e-05
3.15345e-05
3.6124e-05
4.12001e-05
4.3135e-05
4.35025e-05
4.3851e-05
4.48967e-05
4.71141e-05
4.72447e-05
4.86725e-05
5.82485e-05
6.13484e-05
6.15072e-05
6.2441e-05
6.90123e-05
7.22897e-05
7.45708e-05
7.5121e-05
7.83295e-05
8.24245e-05
8.88277e-05
9.26276e-05
0.000119351
0.000125859
0.000127333
0.000137949
0.000148302
0.000153672
0.00016608
0.000170911
0.000182322
0.000185111
0.000187802
0.000206306
0.000209402
0.00021179
0.000213583
0.000220929
0.00024054
0.000242645
0.000244003
0.000272536
0.000283823
0.000309541
0.000318788
0.000328082
0.000339785
0.00035179
0.000354066
0.000414304
0.000443622
0.000470232
0.000507714
0.000517549
0.000544754
0.000551815
0.000570474
0.000597837
0.000604922
0.000611374
0.00063843
0.000645885
0.000650683
0.000700833
0.00071253
0.000731105
0.000735261
0.000742468
0.000756082
0.000849446
0.000892016
0.000948207
0.000994455
0.00103396
0.00104286
0.0012139
0.00163078
0.00165211
0.00174235
0.00191183
0.0025324
0.00257991
0.00304317
0.00335131
0.0038332
0.00593779
0.0066761
0.00670092
0.0195076
0.0725675
