hist_lwr_max
===========================

sum	650
mean	0.790308
stddev	0.268615
Bin	Range	Range Start	Range End	Bin Name	Value	Percentage	Acc Val	Acc Perc
0	"[0, 0.05)"	0	0.05	>= 0	0	0	0	0
1	"[0.05, 0.1)"	0.05	0.1	>= 0.05	0	0	0	0
2	"[0.1, 0.15)"	0.1	0.15	>= 0.1	11	0.0169231	11	0.0169231
3	"[0.15, 0.2)"	0.15	0.2	>= 0.15	10	0.0153846	21	0.0323077
4	"[0.2, 0.25)"	0.2	0.25	>= 0.2	24	0.0369231	45	0.0692308
5	"[0.25, 0.3)"	0.25	0.3	>= 0.25	5	0.00769231	50	0.0769231
6	"[0.3, 0.35)"	0.3	0.35	>= 0.3	48	0.0738462	98	0.150769
7	"[0.35, 0.4)"	0.35	0.4	>= 0.35	10	0.0153846	108	0.166154
8	"[0.4, 0.45)"	0.4	0.45	>= 0.4	10	0.0153846	118	0.181538
9	"[0.45, 0.5)"	0.45	0.5	>= 0.45	11	0.0169231	129	0.198462
10	"[0.5, 0.55)"	0.5	0.55	>= 0.5	12	0.0184615	141	0.216923
11	"[0.55, 0.6)"	0.55	0.6	>= 0.55	10	0.0153846	151	0.232308
12	"[0.6, 0.65)"	0.6	0.65	>= 0.6	12	0.0184615	163	0.250769
13	"[0.65, 0.7)"	0.65	0.7	>= 0.65	11	0.0169231	174	0.267692
14	"[0.7, 0.75)"	0.7	0.75	>= 0.7	14	0.0215385	188	0.289231
15	"[0.75, 0.8)"	0.75	0.8	>= 0.75	22	0.0338462	210	0.323077
16	"[0.8, 0.85)"	0.8	0.85	>= 0.8	21	0.0323077	231	0.355385
17	"[0.85, 0.9)"	0.85	0.9	>= 0.85	30	0.0461538	261	0.401538
18	"[0.9, 0.95)"	0.9	0.95	>= 0.9	41	0.0630769	302	0.464615
19	"[0.95, 1)"	0.95	1	>= 0.95	348	0.535385	650	1


hist_lwr_placed
===========================

sum	650
mean	0.790154
stddev	0.268996
Bin	Range	Range Start	Range End	Bin Name	Value	Percentage	Acc Val	Acc Perc
0	"[0, 0.05)"	0	0.05	>= 0	0	0	0	0
1	"[0.05, 0.1)"	0.05	0.1	>= 0.05	1	0.00153846	1	0.00153846
2	"[0.1, 0.15)"	0.1	0.15	>= 0.1	11	0.0169231	12	0.0184615
3	"[0.15, 0.2)"	0.15	0.2	>= 0.15	9	0.0138462	21	0.0323077
4	"[0.2, 0.25)"	0.2	0.25	>= 0.2	24	0.0369231	45	0.0692308
5	"[0.25, 0.3)"	0.25	0.3	>= 0.25	5	0.00769231	50	0.0769231
6	"[0.3, 0.35)"	0.3	0.35	>= 0.3	48	0.0738462	98	0.150769
7	"[0.35, 0.4)"	0.35	0.4	>= 0.35	10	0.0153846	108	0.166154
8	"[0.4, 0.45)"	0.4	0.45	>= 0.4	10	0.0153846	118	0.181538
9	"[0.45, 0.5)"	0.45	0.5	>= 0.45	11	0.0169231	129	0.198462
10	"[0.5, 0.55)"	0.5	0.55	>= 0.5	12	0.0184615	141	0.216923
11	"[0.55, 0.6)"	0.55	0.6	>= 0.55	10	0.0153846	151	0.232308
12	"[0.6, 0.65)"	0.6	0.65	>= 0.6	12	0.0184615	163	0.250769
13	"[0.65, 0.7)"	0.65	0.7	>= 0.65	11	0.0169231	174	0.267692
14	"[0.7, 0.75)"	0.7	0.75	>= 0.7	14	0.0215385	188	0.289231
15	"[0.75, 0.8)"	0.75	0.8	>= 0.75	22	0.0338462	210	0.323077
16	"[0.8, 0.85)"	0.8	0.85	>= 0.8	21	0.0323077	231	0.355385
17	"[0.85, 0.9)"	0.85	0.9	>= 0.85	30	0.0461538	261	0.401538
18	"[0.9, 0.95)"	0.9	0.95	>= 0.9	41	0.0630769	302	0.464615
19	"[0.95, 1)"	0.95	1	>= 0.95	348	0.535385	650	1


hist_edpl
===========================

sum	650
mean	0.00566308
stddev	0.00950455
Bin	Range	Range Start	Range End	Bin Name	Value	Percentage	Acc Val	Acc Perc
0	"[0, 0.003)"	0	0.003	>= 0	448	0.689231	448	0.689231
1	"[0.003, 0.006)"	0.003	0.006	>= 0.003	63	0.0969231	511	0.786154
2	"[0.006, 0.009)"	0.006	0.009	>= 0.006	23	0.0353846	534	0.821538
3	"[0.009, 0.012)"	0.009	0.012	>= 0.009	26	0.04	560	0.861538
4	"[0.012, 0.015)"	0.012	0.015	>= 0.012	19	0.0292308	579	0.890769
5	"[0.015, 0.018)"	0.015	0.018	>= 0.015	16	0.0246154	595	0.915385
6	"[0.018, 0.021)"	0.018	0.021	>= 0.018	14	0.0215385	609	0.936923
7	"[0.021, 0.024)"	0.021	0.024	>= 0.021	7	0.0107692	616	0.947692
8	"[0.024, 0.027)"	0.024	0.027	>= 0.024	5	0.00769231	621	0.955385
9	"[0.027, 0.03)"	0.027	0.03	>= 0.027	6	0.00923077	627	0.964615
10	"[0.03, 0.033)"	0.03	0.033	>= 0.03	3	0.00461538	630	0.969231
11	"[0.033, 0.036)"	0.033	0.036	>= 0.033	2	0.00307692	632	0.972308
12	"[0.036, 0.039)"	0.036	0.039	>= 0.036	2	0.00307692	634	0.975385
13	"[0.039, 0.042)"	0.039	0.042	>= 0.039	5	0.00769231	639	0.983077
14	"[0.042, 0.045)"	0.042	0.045	>= 0.042	1	0.00153846	640	0.984615
15	"[0.045, 0.048)"	0.045	0.048	>= 0.045	1	0.00153846	641	0.986154
16	"[0.048, 0.051)"	0.048	0.051	>= 0.048	3	0.00461538	644	0.990769
17	"[0.051, 0.054)"	0.051	0.054	>= 0.051	0	0	644	0.990769
18	"[0.054, 0.057)"	0.054	0.057	>= 0.054	0	0	644	0.990769
19	"[0.057, 0.06)"	0.057	0.06	>= 0.057	6	0.00923077	650	1


hist_wd_bu
===========================

sum	650
mean	0.000124923
stddev	0.000299182
Bin	Range	Range Start	Range End	Bin Name	Value	Percentage	Acc Val	Acc Perc
0	"[0, 0.0001)"	0	0.0001	>= 0	582	0.895385	582	0.895385
1	"[0.0001, 0.0002)"	0.0001	0.0002	>= 0.0001	11	0.0169231	593	0.912308
2	"[0.0002, 0.0003)"	0.0002	0.0003	>= 0.0002	10	0.0153846	603	0.927692
3	"[0.0003, 0.0004)"	0.0003	0.0004	>= 0.0003	6	0.00923077	609	0.936923
4	"[0.0004, 0.0005)"	0.0004	0.0005	>= 0.0004	3	0.00461538	612	0.941538
5	"[0.0005, 0.0006)"	0.0005	0.0006	>= 0.0005	6	0.00923077	618	0.950769
6	"[0.0006, 0.0007)"	0.0006	0.0007	>= 0.0006	5	0.00769231	623	0.958462
7	"[0.0007, 0.0008)"	0.0007	0.0008	>= 0.0007	6	0.00923077	629	0.967692
8	"[0.0008, 0.0009)"	0.0008	0.0009	>= 0.0008	2	0.00307692	631	0.970769
9	"[0.0009, 0.001)"	0.0009	0.001	>= 0.0009	2	0.00307692	633	0.973846
10	"[0.001, 0.0011)"	0.001	0.0011	>= 0.001	2	0.00307692	635	0.976923
11	"[0.0011, 0.0012)"	0.0011	0.0012	>= 0.0011	0	0	635	0.976923
12	"[0.0012, 0.0013)"	0.0012	0.0013	>= 0.0012	1	0.00153846	636	0.978462
13	"[0.0013, 0.0014)"	0.0013	0.0014	>= 0.0013	0	0	636	0.978462
14	"[0.0014, 0.0015)"	0.0014	0.0015	>= 0.0014	0	0	636	0.978462
15	"[0.0015, 0.0016)"	0.0015	0.0016	>= 0.0015	0	0	636	0.978462
16	"[0.0016, 0.0017)"	0.0016	0.0017	>= 0.0016	2	0.00307692	638	0.981538
17	"[0.0017, 0.0018)"	0.0017	0.0018	>= 0.0017	1	0.00153846	639	0.983077
18	"[0.0018, 0.0019)"	0.0018	0.0019	>= 0.0018	0	0	639	0.983077
19	"[0.0019, 0.002)"	0.0019	0.002	>= 0.0019	11	0.0169231	650	1


hist_wd_pl
===========================

sum	650
mean	0.251446
stddev	0.341436
Bin	Range	Range Start	Range End	Bin Name	Value	Percentage	Acc Val	Acc Perc
0	"[0, 0.06)"	0	0.06	>= 0	348	0.535385	348	0.535385
1	"[0.06, 0.12)"	0.06	0.12	>= 0.06	50	0.0769231	398	0.612308
2	"[0.12, 0.18)"	0.12	0.18	>= 0.12	28	0.0430769	426	0.655385
3	"[0.18, 0.24)"	0.18	0.24	>= 0.18	23	0.0353846	449	0.690769
4	"[0.24, 0.3)"	0.24	0.3	>= 0.24	20	0.0307692	469	0.721538
5	"[0.3, 0.36)"	0.3	0.36	>= 0.3	12	0.0184615	481	0.74
6	"[0.36, 0.42)"	0.36	0.42	>= 0.36	8	0.0123077	489	0.752308
7	"[0.42, 0.48)"	0.42	0.48	>= 0.42	18	0.0276923	507	0.78
8	"[0.48, 0.54)"	0.48	0.54	>= 0.48	7	0.0107692	514	0.790769
9	"[0.54, 0.6)"	0.54	0.6	>= 0.54	16	0.0246154	530	0.815385
10	"[0.6, 0.66)"	0.6	0.66	>= 0.6	10	0.0153846	540	0.830769
11	"[0.66, 0.72)"	0.66	0.72	>= 0.66	44	0.0676923	584	0.898462
12	"[0.72, 0.78)"	0.72	0.78	>= 0.72	4	0.00615385	588	0.904615
13	"[0.78, 0.84)"	0.78	0.84	>= 0.78	11	0.0169231	599	0.921538
14	"[0.84, 0.9)"	0.84	0.9	>= 0.84	3	0.00461538	602	0.926154
15	"[0.9, 0.96)"	0.9	0.96	>= 0.9	1	0.00153846	603	0.927692
16	"[0.96, 1.02)"	0.96	1.02	>= 0.96	2	0.00307692	605	0.930769
17	"[1.02, 1.08)"	1.02	1.08	>= 1.02	2	0.00307692	607	0.933846
18	"[1.08, 1.14)"	1.08	1.14	>= 1.08	5	0.00769231	612	0.941538
19	"[1.14, 1.2)"	1.14	1.2	>= 1.14	38	0.0584615	650	1


