0
0
0
0
0
0
0
0
0
0
0
0
0
0
0
0
0
0
0
0
0
0
0
0
0
0
0
0
0
0
0
0
0
0
0
0
0
0
0
0
0
0
0
0
0
0
0
0
0
0
0
0
0
0
0
0
0
0
0
0
0
0
0
0
0
0
0
0
0
0
0
0
0
0
0
0
0
0
0
0
0
0
0
0
0
0
0
0
0
0
0
0
0
0
0
0
0
0
0
0
0
0
0
0
0
0
0
0
0
0
0
0
0
0
0
0
0
0
0
0
0
0
0
0
0
0
0
0
0
0
0
0
0
0
0
0
0
0
0
0
0
0
0
0
0
0
0
0
0
0
0
0
0
0
0
0
0
0
0
0
0
0
0
0
0
0
0
0
0
0
0
0
0
0
0
0
0
0
0
0
0
0
0
0
0
0
0
0
0
0
0
0
0
0
0
0
0
0
0
0
0
0
0
0
0
0
0
0
0
0
0
0
0
0
0
0
0
0
0
0
0
0
0
0
0
0
0
0
0
0
0
0
0
0
0
0
0
0
0
0
0
0
0
0
0
0
0
0
0
0
0
0
0
0
0
0
0
0
0
0
0
0
0
0
0
0
0
0
0
0
0
0
0
0
0
0
0
0
0
0
0
0
0
0
0
0
0
0
0
0
0
0
0
0
1.75533e-08
2.38685e-07
5.16334e-07
5.56868e-07
8.71713e-07
8.88006e-07
8.88789e-07
8.88793e-07
8.88806e-07
8.8882e-07
8.88821e-07
1.3312e-06
1.43993e-06
1.43994e-06
1.43995e-06
1.43999e-06
1.76002e-06
1.87752e-06
1.87754e-06
1.91999e-06
2.46914e-06
1.23064e-05
1.34529e-05
5.09561e-05
6.58857e-05
7.58852e-05
8.95444e-05
0.00013566
0.000152711
0.000161745
0.000184869
0.000204217
0.000205161
0.000208954
0.000211839
0.000221108
0.000244213
0.000285428
0.000330946
0.000338387
0.000342603
0.000364072
0.000369439
0.000403704
0.000410846
0.000427898
0.000455015
0.000456497
0.000467627
0.000471598
0.000473022
0.000489599
0.000517608
0.000519124
0.000523138
0.000526854
0.000599792
0.000610413
0.000677262
0.000691532
0.000693949
0.000700845
0.000718503
0.000731464
0.000744476
0.000776131
0.000786594
0.000790438
0.000809994
0.000828792
0.000838356
0.000886481
0.000906773
0.000914259
0.000958776
0.000964396
0.000998318
0.00101816
0.0010323
0.00106119
0.00108622
0.00116598
0.00116625
0.00117522
0.00123316
0.00124451
0.00125081
0.00125386
0.00126232
0.00126337
0.00127809
0.0013162
0.00132548
0.0013407
0.00135962
0.0013631
0.00138134
0.00139145
0.00140474
0.00141141
0.00142322
0.00146339
0.00151237
0.00154878
0.00155853
0.00161111
0.00162624
0.00163095
0.00167527
0.00171333
0.00172025
0.00173023
0.00175589
0.00176397
0.00192539
0.00194571
0.0020252
0.00207796
0.00209004
0.00210734
0.00216353
0.00216731
0.00219231
0.00219355
0.00226427
0.00226932
0.0022738
0.00228395
0.00231232
0.0023186
0.0023268
0.00233001
0.00236599
0.00239764
0.00240155
0.00241348
0.00243331
0.00245541
0.00246028
0.00249006
0.00249716
0.00259622
0.0026329
0.00264672
0.00265839
0.00266202
0.00273337
0.00281879
0.00284347
0.00289018
0.00290817
0.00291311
0.00297854
0.00299903
0.00302371
0.00302506
0.00306309
0.00308165
0.00311251
0.00316825
0.00317943
0.00324476
0.00325225
0.00328312
0.00330657
0.003314
0.00334774
0.00336024
0.00336329
0.00337929
0.00340105
0.00341879
0.00343719
0.00350412
0.0035136
0.00358752
0.00371205
0.00371633
0.00384516
0.00386782
0.00406444
0.00408134
0.00418561
0.00427834
0.00428238
0.0043773
0.00441419
0.00441719
0.00442989
0.00454759
0.00459683
0.00473827
0.00481613
0.00482721
0.00489352
0.00493035
0.00493236
0.00493926
0.00502038
0.00517648
0.00519249
0.00522622
0.00529934
0.00532603
0.00533727
0.00537686
0.00540939
0.00546331
0.00549569
0.00571512
0.00576259
0.0057678
0.00578689
0.00582817
0.0058504
0.0058666
0.00595742
0.00609073
0.00610439
0.00611744
0.0061558
0.00618563
0.00618979
0.00619753
0.00662191
0.00669775
0.00672424
0.00693649
0.00695487
0.00696112
0.00708669
0.00728975
0.007297
0.00764497
0.00771684
0.00793672
0.00795297
0.00809991
0.00821282
0.00850037
0.00908919
0.00912002
0.00946026
0.00953606
0.00968212
0.00977341
0.00995344
0.0100916
0.0101567
0.0102783
0.0103696
0.0104347
0.0104815
0.0105963
0.0106176
0.010674
0.010775
0.0111386
0.0112103
0.0112262
0.0112307
0.0114283
0.0114398
0.0114571
0.0117396
0.0117615
0.012157
0.0122941
0.0124051
0.0124447
0.0125249
0.0126474
0.0130594
0.0132734
0.0133174
0.0134381
0.0135335
0.0136913
0.0137461
0.0138921
0.013968
0.0141383
0.0143602
0.0147089
0.0147914
0.0150832
0.0155805
0.0156949
0.0157456
0.0160075
0.0161538
0.0162424
0.0164918
0.0167511
0.0168214
0.0170323
0.0171119
0.0173247
0.0173631
0.0178823
0.0179713
0.0181402
0.0181919
0.0184299
0.0185198
0.0185472
0.018943
0.019318
0.019481
0.0196281
0.0197351
0.0199172
0.0200654
0.0200926
0.0203879
0.0211837
0.0215274
0.0220736
0.0221311
0.0222954
0.0234746
0.0237993
0.0247961
0.0251504
0.0252512
0.0264713
0.0264998
0.02726
0.0284578
0.0286125
0.0289994
0.0293919
0.0296894
0.0300221
0.0319771
0.0319944
0.0333535
0.0354063
0.0362912
0.0367446
0.0393081
0.0402656
0.0411072
0.0411165
0.0413513
0.0447446
0.0478294
0.0486687
0.0492763
0.0495477
0.0626836
0.0677733
0.108751
0.141734
0.172023
0.42185
