0.110988
0.111146
0.111294
0.115575
0.142721
0.142869
0.142951
0.142964
0.143073
0.144003
0.146542
0.152062
0.152982
0.187871
0.190293
0.198027
0.198132
0.198487
0.198516
0.198947
0.199489
0.200003
0.200019
0.200023
0.200077
0.200091
0.200092
0.200112
0.200116
0.200117
0.200125
0.200129
0.200633
0.20074
0.20155
0.202259
0.202805
0.211409
0.234448
0.239728
0.242958
0.245393
0.245514
0.245815
0.249336
0.251319
0.260417
0.287044
0.2921
0.298045
0.312137
0.312358
0.314283
0.321201
0.322527
0.323925
0.324896
0.32559
0.326896
0.328289
0.329571
0.329739
0.330706
0.331461
0.332099
0.332607
0.332819
0.33307
0.333134
0.333206
0.333334
0.333361
0.333366
0.333383
0.333385
0.333388
0.333439
0.333441
0.333442
0.333443
0.333454
0.333457
0.333495
0.33364
0.333641
0.333643
0.333705
0.333937
0.333986
0.33439
0.336077
0.336525
0.336901
0.337375
0.338809
0.340356
0.342554
0.343257
0.350033
0.351573
0.355605
0.357236
0.368917
0.370779
0.371595
0.371823
0.380096
0.391584
0.403651
0.40487
0.409103
0.412843
0.414103
0.415655
0.417923
0.418625
0.419533
0.42358
0.451087
0.453126
0.454558
0.455047
0.47055
0.470691
0.471262
0.473162
0.481451
0.484655
0.494442
0.507869
0.517514
0.528138
0.528788
0.531322
0.534061
0.534447
0.540256
0.540465
0.544201
0.545519
0.546494
0.551051
0.555236
0.563883
0.566866
0.571179
0.582695
0.585016
0.585795
0.587407
0.598928
0.600073
0.606593
0.613191
0.615833
0.620531
0.63553
0.63896
0.640922
0.645023
0.645565
0.647191
0.648355
0.651064
0.653151
0.655578
0.657229
0.658662
0.672242
0.673585
0.676432
0.684396
0.694208
0.69715
0.703383
0.714756
0.715909
0.720982
0.721737
0.723251
0.724148
0.72988
0.731564
0.740392
0.741557
0.741664
0.742804
0.745319
0.75027
0.752767
0.75361
0.754423
0.760756
0.763593
0.764663
0.764692
0.766785
0.771177
0.77172
0.774158
0.776319
0.781513
0.789882
0.792314
0.794148
0.794191
0.795209
0.796419
0.797835
0.799739
0.803613
0.804897
0.807578
0.810118
0.813538
0.823723
0.824804
0.829679
0.83049
0.830791
0.831915
0.83393
0.834222
0.835266
0.836473
0.837093
0.841334
0.841668
0.841876
0.842714
0.84962
0.850772
0.85412
0.854194
0.854506
0.854704
0.858854
0.8599
0.861482
0.861547
0.871343
0.871593
0.872535
0.873567
0.876572
0.877273
0.882598
0.885982
0.889281
0.889532
0.889542
0.8931
0.893618
0.893738
0.894634
0.894695
0.895048
0.896962
0.897116
0.898025
0.898669
0.901356
0.901662
0.904563
0.906965
0.909253
0.910527
0.912339
0.912539
0.915395
0.915895
0.916253
0.91699
0.917834
0.92126
0.923785
0.926242
0.92666
0.927077
0.928265
0.928619
0.928639
0.931137
0.931259
0.932659
0.933733
0.934456
0.934607
0.935071
0.93573
0.938113
0.938294
0.938852
0.938912
0.939297
0.93969
0.943266
0.943849
0.944295
0.945032
0.949968
0.949978
0.950174
0.950548
0.950896
0.950999
0.951359
0.954162
0.955826
0.956
0.956328
0.95672
0.956969
0.957516
0.960288
0.960864
0.96175
0.96703
0.967291
0.967854
0.969772
0.970567
0.972844
0.972998
0.975221
0.975255
0.976882
0.978684
0.978954
0.982056
0.982524
0.983037
0.983459
0.983691
0.983927
0.984013
0.984489
0.984492
0.984764
0.984778
0.985624
0.985726
0.986055
0.986629
0.987377
0.987553
0.987774
0.988319
0.988876
0.989144
0.989223
0.989536
0.989691
0.9897
0.989738
0.989764
0.990014
0.990414
0.990499
0.990959
0.991028
0.991118
0.991902
0.992279
0.992688
0.993491
0.993825
0.994162
0.994221
0.994361
0.994615
0.994634
0.994643
0.994757
0.995471
0.995483
0.995537
0.995546
0.99563
0.995839
0.996115
0.996368
0.99637
0.996552
0.996557
0.996644
0.996686
0.99673
0.996736
0.99684
0.996883
0.996969
0.996978
0.99698
0.997048
0.997079
0.997126
0.99738
0.99742
0.997646
0.997713
0.99781
0.997955
0.998048
0.998163
0.99818
0.99818
0.998196
0.998235
0.998493
0.9985
0.998574
0.998619
0.99876
0.998766
0.998784
0.998817
0.998921
0.998932
0.999081
0.999243
0.999256
0.999283
0.999323
0.999372
0.999441
0.999459
0.999495
0.999497
0.99959
0.999619
0.999622
0.999631
0.999704
0.999724
0.999747
0.999753
0.999776
0.999777
0.999791
0.999796
0.999805
0.999818
0.999831
0.999834
0.999858
0.999863
0.999865
0.999894
0.999901
0.999907
0.999913
0.999924
0.999925
0.999931
0.999935
0.999937
0.999939
0.99994
0.999945
0.999947
0.999948
0.999951
0.999952
0.999956
0.999958
0.999958
0.999963
0.999963
0.999965
0.999967
0.999969
0.99997
0.999977
0.999978
0.999978
0.999981
0.999982
0.999983
0.999984
0.999987
0.999987
0.999988
0.999989
0.999989
0.999993
0.999994
0.999994
0.999994
0.999994
0.999996
0.999996
0.999997
0.999997
0.999997
0.999997
0.999997
0.999998
0.999998
0.999999
0.999999
0.999999
0.999999
0.999999
0.999999
1
1
1
1
1
1
1
1
1
1
1
1
1
1
1
1
1
1
1
1
1
1
1
1
1
1
1
1
1
1
1
1
1
1
1
1
1
1
1
1
1
1
1
1
1
1
1
1
1
1
1
1
1
1
1
1
1
1
1
1
1
1
1
1
1
1
1
1
1
1
1
1
1
1
1
1
1
1
1
1
1
1
1
1
1
1
1
1
1
1
1
1
1
1
1
1
1
1
1
1
1
1
1
1
1
1
1
1
1
1
1
1
1
1
1
1
1
1
1
1
1
1
1
1
1
1
1
1
1
1
1
1
1
1
1
1
1
1
1
1
1
1
1
1
1
